
image_dir: ./data/images
output_dir: ./output

width: 960
height: 540
channel: 1
resize: null

vanish_line: 280 # 消失线
ipm_width_x_3d: 30 # IPM中真实距离x方向[-15, +15], 单位：m
ipm_height_y_3d: 8 # IPM中真实距离y方向[-4, +4], 单位：m
ipm_step_xy: 0.04 # 像素点真实距离，单位: m
ipm_height_y_start: 3.0 # 单位: m

# 相机内参 fx fy cx cy
intrinsic: [476.2483, 477.0686, 484.8964, 262.8846]

# 相机外参
R_ccs2ocs: [0.9937560081539198, 0.1109831719351175, 0.01147744767823091, 
            0.003276455792956701, 0.07379581423704455, -0.9972679893782455, 
            -0.111526952327333, 0.9910786615341447, 0.07297140231806608]
T_ccs2ocs: [0.2317971025971608, 1.713913045205863, 1.913995241236965]